Universal Sweep Results
----------------------------------------
M=(0, 2, 4, 6) S=(1, 1, 1, 1) SNR=0.7177
M=(0, 2, 4, 6) S=(1, 1, 1, -1) SNR=0.8030
M=(0, 2, 4, 6) S=(1, 1, -1, 1) SNR=0.2287
M=(0, 2, 4, 6) S=(1, 1, -1, -1) SNR=0.1824
M=(0, 2, 4, 6) S=(1, -1, 1, 1) SNR=0.9159
M=(0, 2, 4, 6) S=(1, -1, 1, -1) SNR=0.7759
M=(0, 2, 4, 6) S=(1, -1, -1, 1) SNR=0.0052
M=(0, 2, 4, 6) S=(1, -1, -1, -1) SNR=-0.0109
M=(0, 2, 4, 6) S=(-1, 1, 1, 1) SNR=-6.2200
M=(0, 2, 4, 6) S=(-1, 1, 1, -1) SNR=-6.2324
M=(0, 2, 4, 6) S=(-1, 1, -1, 1) SNR=-6.4024
M=(0, 2, 4, 6) S=(-1, 1, -1, -1) SNR=-6.3982
M=(0, 2, 4, 6) S=(-1, -1, 1, 1) SNR=-6.2635
M=(0, 2, 4, 6) S=(-1, -1, 1, -1) SNR=-6.2484
M=(0, 2, 4, 6) S=(-1, -1, -1, 1) SNR=-6.3628
M=(0, 2, 4, 6) S=(-1, -1, -1, -1) SNR=-6.3723
M=(0, 2, 6, 4) S=(1, 1, 1, 1) SNR=0.7814
M=(0, 2, 6, 4) S=(1, 1, 1, -1) SNR=0.6561
M=(0, 2, 6, 4) S=(1, 1, -1, 1) SNR=0.4822
M=(0, 2, 6, 4) S=(1, 1, -1, -1) SNR=0.3562
M=(0, 2, 6, 4) S=(1, -1, 1, 1) SNR=0.6078
M=(0, 2, 6, 4) S=(1, -1, 1, -1) SNR=0.4626
M=(0, 2, 6, 4) S=(1, -1, -1, 1) SNR=0.4994
M=(0, 2, 6, 4) S=(1, -1, -1, -1) SNR=0.3940
M=(0, 2, 6, 4) S=(-1, 1, 1, 1) SNR=-6.2949
M=(0, 2, 6, 4) S=(-1, 1, 1, -1) SNR=-6.2644
M=(0, 2, 6, 4) S=(-1, 1, -1, 1) SNR=-6.3341
M=(0, 2, 6, 4) S=(-1, 1, -1, -1) SNR=-6.2968
M=(0, 2, 6, 4) S=(-1, -1, 1, 1) SNR=-6.2815
M=(0, 2, 6, 4) S=(-1, -1, 1, -1) SNR=-6.2442
M=(0, 2, 6, 4) S=(-1, -1, -1, 1) SNR=-6.3214
M=(0, 2, 6, 4) S=(-1, -1, -1, -1) SNR=-6.2854
M=(0, 4, 2, 6) S=(1, 1, 1, 1) SNR=0.6287
M=(0, 4, 2, 6) S=(1, 1, 1, -1) SNR=0.6961
M=(0, 4, 2, 6) S=(1, 1, -1, 1) SNR=1.0610
M=(0, 4, 2, 6) S=(1, 1, -1, -1) SNR=0.9682
M=(0, 4, 2, 6) S=(1, -1, 1, 1) SNR=0.2673
M=(0, 4, 2, 6) S=(1, -1, 1, -1) SNR=0.1974
M=(0, 4, 2, 6) S=(1, -1, -1, 1) SNR=0.2289
M=(0, 4, 2, 6) S=(1, -1, -1, -1) SNR=0.2683
M=(0, 4, 2, 6) S=(-1, 1, 1, 1) SNR=-6.2303
M=(0, 4, 2, 6) S=(-1, 1, 1, -1) SNR=-6.2467
M=(0, 4, 2, 6) S=(-1, 1, -1, 1) SNR=-6.2365
M=(0, 4, 2, 6) S=(-1, 1, -1, -1) SNR=-6.2323
M=(0, 4, 2, 6) S=(-1, -1, 1, 1) SNR=-6.3935
M=(0, 4, 2, 6) S=(-1, -1, 1, -1) SNR=-6.3895
M=(0, 4, 2, 6) S=(-1, -1, -1, 1) SNR=-6.3242
M=(0, 4, 2, 6) S=(-1, -1, -1, -1) SNR=-6.3374
M=(0, 4, 6, 2) S=(1, 1, 1, 1) SNR=0.7857
M=(0, 4, 6, 2) S=(1, 1, 1, -1) SNR=0.7075
M=(0, 4, 6, 2) S=(1, 1, -1, 1) SNR=0.8658
M=(0, 4, 6, 2) S=(1, 1, -1, -1) SNR=0.7510
M=(0, 4, 6, 2) S=(1, -1, 1, 1) SNR=0.3009
M=(0, 4, 6, 2) S=(1, -1, 1, -1) SNR=0.2620
M=(0, 4, 6, 2) S=(1, -1, -1, 1) SNR=0.1054
M=(0, 4, 6, 2) S=(1, -1, -1, -1) SNR=0.0362
M=(0, 4, 6, 2) S=(-1, 1, 1, 1) SNR=-6.2963
M=(0, 4, 6, 2) S=(-1, 1, 1, -1) SNR=-6.2831
M=(0, 4, 6, 2) S=(-1, 1, -1, 1) SNR=-6.2595
M=(0, 4, 6, 2) S=(-1, 1, -1, -1) SNR=-6.2545
M=(0, 4, 6, 2) S=(-1, -1, 1, 1) SNR=-6.3745
M=(0, 4, 6, 2) S=(-1, -1, 1, -1) SNR=-6.3617
M=(0, 4, 6, 2) S=(-1, -1, -1, 1) SNR=-6.4232
M=(0, 4, 6, 2) S=(-1, -1, -1, -1) SNR=-6.4202
M=(0, 6, 2, 4) S=(1, 1, 1, 1) SNR=0.8877
M=(0, 6, 2, 4) S=(1, 1, 1, -1) SNR=0.7798
M=(0, 6, 2, 4) S=(1, 1, -1, 1) SNR=1.0898
M=(0, 6, 2, 4) S=(1, 1, -1, -1) SNR=0.9779
M=(0, 6, 2, 4) S=(1, -1, 1, 1) SNR=0.2124
M=(0, 6, 2, 4) S=(1, -1, 1, -1) SNR=0.0681
M=(0, 6, 2, 4) S=(1, -1, -1, 1) SNR=0.4775
M=(0, 6, 2, 4) S=(1, -1, -1, -1) SNR=0.3769
M=(0, 6, 2, 4) S=(-1, 1, 1, 1) SNR=-6.2656
M=(0, 6, 2, 4) S=(-1, 1, 1, -1) SNR=-6.2380
M=(0, 6, 2, 4) S=(-1, 1, -1, 1) SNR=-6.2041
M=(0, 6, 2, 4) S=(-1, 1, -1, -1) SNR=-6.1727
M=(0, 6, 2, 4) S=(-1, -1, 1, 1) SNR=-6.3900
M=(0, 6, 2, 4) S=(-1, -1, 1, -1) SNR=-6.3547
M=(0, 6, 2, 4) S=(-1, -1, -1, 1) SNR=-6.3477
M=(0, 6, 2, 4) S=(-1, -1, -1, -1) SNR=-6.3209
M=(0, 6, 4, 2) S=(1, 1, 1, 1) SNR=1.1273
M=(0, 6, 4, 2) S=(1, 1, 1, -1) SNR=1.0227
M=(0, 6, 4, 2) S=(1, 1, -1, 1) SNR=0.5436
M=(0, 6, 4, 2) S=(1, 1, -1, -1) SNR=0.4653
M=(0, 6, 4, 2) S=(1, -1, 1, 1) SNR=0.5056
M=(0, 6, 4, 2) S=(1, -1, 1, -1) SNR=0.5601
M=(0, 6, 4, 2) S=(1, -1, -1, 1) SNR=-0.2653
M=(0, 6, 4, 2) S=(1, -1, -1, -1) SNR=-0.1961
M=(0, 6, 4, 2) S=(-1, 1, 1, 1) SNR=-6.2265
M=(0, 6, 4, 2) S=(-1, 1, 1, -1) SNR=-6.2219
M=(0, 6, 4, 2) S=(-1, 1, -1, 1) SNR=-6.3218
M=(0, 6, 4, 2) S=(-1, 1, -1, -1) SNR=-6.3203
M=(0, 6, 4, 2) S=(-1, -1, 1, 1) SNR=-6.3116
M=(0, 6, 4, 2) S=(-1, -1, 1, -1) SNR=-6.3245
M=(0, 6, 4, 2) S=(-1, -1, -1, 1) SNR=-6.4900
M=(0, 6, 4, 2) S=(-1, -1, -1, -1) SNR=-6.5049
M=(2, 0, 4, 6) S=(1, 1, 1, 1) SNR=-3.3442
M=(2, 0, 4, 6) S=(1, 1, 1, -1) SNR=-3.3783
M=(2, 0, 4, 6) S=(1, 1, -1, 1) SNR=-3.5745
M=(2, 0, 4, 6) S=(1, 1, -1, -1) SNR=-3.6161
M=(2, 0, 4, 6) S=(1, -1, 1, 1) SNR=-4.0042
M=(2, 0, 4, 6) S=(1, -1, 1, -1) SNR=-4.0362
M=(2, 0, 4, 6) S=(1, -1, -1, 1) SNR=-4.1780
M=(2, 0, 4, 6) S=(1, -1, -1, -1) SNR=-4.1989
M=(2, 0, 4, 6) S=(-1, 1, 1, 1) SNR=-4.1403
M=(2, 0, 4, 6) S=(-1, 1, 1, -1) SNR=-4.0868
M=(2, 0, 4, 6) S=(-1, 1, -1, 1) SNR=-4.2328
M=(2, 0, 4, 6) S=(-1, 1, -1, -1) SNR=-4.1706
M=(2, 0, 4, 6) S=(-1, -1, 1, 1) SNR=-4.5814
M=(2, 0, 4, 6) S=(-1, -1, 1, -1) SNR=-4.5215
M=(2, 0, 4, 6) S=(-1, -1, -1, 1) SNR=-4.8037
M=(2, 0, 4, 6) S=(-1, -1, -1, -1) SNR=-4.7489
M=(2, 0, 6, 4) S=(1, 1, 1, 1) SNR=-3.3742
M=(2, 0, 6, 4) S=(1, 1, 1, -1) SNR=-3.4661
M=(2, 0, 6, 4) S=(1, 1, -1, 1) SNR=-3.3755
M=(2, 0, 6, 4) S=(1, 1, -1, -1) SNR=-3.4921
M=(2, 0, 6, 4) S=(1, -1, 1, 1) SNR=-3.9746
M=(2, 0, 6, 4) S=(1, -1, 1, -1) SNR=-4.0685
M=(2, 0, 6, 4) S=(1, -1, -1, 1) SNR=-4.0246
M=(2, 0, 6, 4) S=(1, -1, -1, -1) SNR=-4.1022
M=(2, 0, 6, 4) S=(-1, 1, 1, 1) SNR=-4.0357
M=(2, 0, 6, 4) S=(-1, 1, 1, -1) SNR=-4.1420
M=(2, 0, 6, 4) S=(-1, 1, -1, 1) SNR=-4.0947
M=(2, 0, 6, 4) S=(-1, 1, -1, -1) SNR=-4.1550
M=(2, 0, 6, 4) S=(-1, -1, 1, 1) SNR=-4.6042
M=(2, 0, 6, 4) S=(-1, -1, 1, -1) SNR=-4.6569
M=(2, 0, 6, 4) S=(-1, -1, -1, 1) SNR=-4.5831
M=(2, 0, 6, 4) S=(-1, -1, -1, -1) SNR=-4.6822
M=(2, 4, 0, 6) S=(1, 1, 1, 1) SNR=-3.5125
M=(2, 4, 0, 6) S=(1, 1, 1, -1) SNR=-3.5367
M=(2, 4, 0, 6) S=(1, 1, -1, 1) SNR=-3.8276
M=(2, 4, 0, 6) S=(1, 1, -1, -1) SNR=-3.8608
M=(2, 4, 0, 6) S=(1, -1, 1, 1) SNR=-3.7239
M=(2, 4, 0, 6) S=(1, -1, 1, -1) SNR=-3.7601
M=(2, 4, 0, 6) S=(1, -1, -1, 1) SNR=-3.9471
M=(2, 4, 0, 6) S=(1, -1, -1, -1) SNR=-3.9679
M=(2, 4, 0, 6) S=(-1, 1, 1, 1) SNR=-4.2525
M=(2, 4, 0, 6) S=(-1, 1, 1, -1) SNR=-4.1969
M=(2, 4, 0, 6) S=(-1, 1, -1, 1) SNR=-4.4349
M=(2, 4, 0, 6) S=(-1, 1, -1, -1) SNR=-4.3786
M=(2, 4, 0, 6) S=(-1, -1, 1, 1) SNR=-4.3475
M=(2, 4, 0, 6) S=(-1, -1, 1, -1) SNR=-4.2835
M=(2, 4, 0, 6) S=(-1, -1, -1, 1) SNR=-4.6283
M=(2, 4, 0, 6) S=(-1, -1, -1, -1) SNR=-4.5785
M=(2, 4, 6, 0) S=(1, 1, 1, 1) SNR=-3.4978
M=(2, 4, 6, 0) S=(1, 1, 1, -1) SNR=-3.5344
M=(2, 4, 6, 0) S=(1, 1, -1, 1) SNR=-3.5260
M=(2, 4, 6, 0) S=(1, 1, -1, -1) SNR=-3.5628
M=(2, 4, 6, 0) S=(1, -1, 1, 1) SNR=-3.6738
M=(2, 4, 6, 0) S=(1, -1, 1, -1) SNR=-3.7225
M=(2, 4, 6, 0) S=(1, -1, -1, 1) SNR=-3.7240
M=(2, 4, 6, 0) S=(1, -1, -1, -1) SNR=-3.7765
M=(2, 4, 6, 0) S=(-1, 1, 1, 1) SNR=-4.2547
M=(2, 4, 6, 0) S=(-1, 1, 1, -1) SNR=-4.2474
M=(2, 4, 6, 0) S=(-1, 1, -1, 1) SNR=-4.2928
M=(2, 4, 6, 0) S=(-1, 1, -1, -1) SNR=-4.2771
M=(2, 4, 6, 0) S=(-1, -1, 1, 1) SNR=-4.4395
M=(2, 4, 6, 0) S=(-1, -1, 1, -1) SNR=-4.4090
M=(2, 4, 6, 0) S=(-1, -1, -1, 1) SNR=-4.4554
M=(2, 4, 6, 0) S=(-1, -1, -1, -1) SNR=-4.4255
M=(2, 6, 0, 4) S=(1, 1, 1, 1) SNR=-3.4419
M=(2, 6, 0, 4) S=(1, 1, 1, -1) SNR=-3.5312
M=(2, 6, 0, 4) S=(1, 1, -1, 1) SNR=-3.7070
M=(2, 6, 0, 4) S=(1, 1, -1, -1) SNR=-3.8099
M=(2, 6, 0, 4) S=(1, -1, 1, 1) SNR=-3.6281
M=(2, 6, 0, 4) S=(1, -1, 1, -1) SNR=-3.7406
M=(2, 6, 0, 4) S=(1, -1, -1, 1) SNR=-3.9475
M=(2, 6, 0, 4) S=(1, -1, -1, -1) SNR=-4.0172
M=(2, 6, 0, 4) S=(-1, 1, 1, 1) SNR=-4.0776
M=(2, 6, 0, 4) S=(-1, 1, 1, -1) SNR=-4.1885
M=(2, 6, 0, 4) S=(-1, 1, -1, 1) SNR=-4.3810
M=(2, 6, 0, 4) S=(-1, 1, -1, -1) SNR=-4.4366
M=(2, 6, 0, 4) S=(-1, -1, 1, 1) SNR=-4.3230
M=(2, 6, 0, 4) S=(-1, -1, 1, -1) SNR=-4.3694
M=(2, 6, 0, 4) S=(-1, -1, -1, 1) SNR=-4.5209
M=(2, 6, 0, 4) S=(-1, -1, -1, -1) SNR=-4.6297
M=(2, 6, 4, 0) S=(1, 1, 1, 1) SNR=-3.2974
M=(2, 6, 4, 0) S=(1, 1, 1, -1) SNR=-3.3736
M=(2, 6, 4, 0) S=(1, 1, -1, 1) SNR=-3.5111
M=(2, 6, 4, 0) S=(1, 1, -1, -1) SNR=-3.5854
M=(2, 6, 4, 0) S=(1, -1, 1, 1) SNR=-3.6022
M=(2, 6, 4, 0) S=(1, -1, 1, -1) SNR=-3.6210
M=(2, 6, 4, 0) S=(1, -1, -1, 1) SNR=-3.8270
M=(2, 6, 4, 0) S=(1, -1, -1, -1) SNR=-3.8447
M=(2, 6, 4, 0) S=(-1, 1, 1, 1) SNR=-4.1076
M=(2, 6, 4, 0) S=(-1, 1, 1, -1) SNR=-4.0885
M=(2, 6, 4, 0) S=(-1, 1, -1, 1) SNR=-4.3072
M=(2, 6, 4, 0) S=(-1, 1, -1, -1) SNR=-4.2951
M=(2, 6, 4, 0) S=(-1, -1, 1, 1) SNR=-4.3391
M=(2, 6, 4, 0) S=(-1, -1, 1, -1) SNR=-4.3639
M=(2, 6, 4, 0) S=(-1, -1, -1, 1) SNR=-4.5058
M=(2, 6, 4, 0) S=(-1, -1, -1, -1) SNR=-4.5419
M=(4, 0, 2, 6) S=(1, 1, 1, 1) SNR=-100.0000
M=(4, 0, 2, 6) S=(1, 1, 1, -1) SNR=-100.0000
M=(4, 0, 2, 6) S=(1, 1, -1, 1) SNR=-100.0000
M=(4, 0, 2, 6) S=(1, 1, -1, -1) SNR=-100.0000
M=(4, 0, 2, 6) S=(1, -1, 1, 1) SNR=-100.0000
M=(4, 0, 2, 6) S=(1, -1, 1, -1) SNR=-100.0000
M=(4, 0, 2, 6) S=(1, -1, -1, 1) SNR=-100.0000
M=(4, 0, 2, 6) S=(1, -1, -1, -1) SNR=-100.0000
M=(4, 0, 2, 6) S=(-1, 1, 1, 1) SNR=-100.0000
M=(4, 0, 2, 6) S=(-1, 1, 1, -1) SNR=-100.0000
M=(4, 0, 2, 6) S=(-1, 1, -1, 1) SNR=-100.0000
M=(4, 0, 2, 6) S=(-1, 1, -1, -1) SNR=-100.0000
M=(4, 0, 2, 6) S=(-1, -1, 1, 1) SNR=-100.0000
M=(4, 0, 2, 6) S=(-1, -1, 1, -1) SNR=-100.0000
M=(4, 0, 2, 6) S=(-1, -1, -1, 1) SNR=-100.0000
M=(4, 0, 2, 6) S=(-1, -1, -1, -1) SNR=-100.0000
M=(4, 0, 6, 2) S=(1, 1, 1, 1) SNR=-100.0000
M=(4, 0, 6, 2) S=(1, 1, 1, -1) SNR=-100.0000
M=(4, 0, 6, 2) S=(1, 1, -1, 1) SNR=-100.0000
M=(4, 0, 6, 2) S=(1, 1, -1, -1) SNR=-100.0000
M=(4, 0, 6, 2) S=(1, -1, 1, 1) SNR=-100.0000
M=(4, 0, 6, 2) S=(1, -1, 1, -1) SNR=-100.0000
M=(4, 0, 6, 2) S=(1, -1, -1, 1) SNR=-100.0000
M=(4, 0, 6, 2) S=(1, -1, -1, -1) SNR=-100.0000
M=(4, 0, 6, 2) S=(-1, 1, 1, 1) SNR=-100.0000
M=(4, 0, 6, 2) S=(-1, 1, 1, -1) SNR=-100.0000
M=(4, 0, 6, 2) S=(-1, 1, -1, 1) SNR=-100.0000
M=(4, 0, 6, 2) S=(-1, 1, -1, -1) SNR=-100.0000
M=(4, 0, 6, 2) S=(-1, -1, 1, 1) SNR=-100.0000
M=(4, 0, 6, 2) S=(-1, -1, 1, -1) SNR=-100.0000
M=(4, 0, 6, 2) S=(-1, -1, -1, 1) SNR=-100.0000
M=(4, 0, 6, 2) S=(-1, -1, -1, -1) SNR=-100.0000
M=(4, 2, 0, 6) S=(1, 1, 1, 1) SNR=-3.9421
M=(4, 2, 0, 6) S=(1, 1, 1, -1) SNR=-3.9293
M=(4, 2, 0, 6) S=(1, 1, -1, 1) SNR=-100.0000
M=(4, 2, 0, 6) S=(1, 1, -1, -1) SNR=-100.0000
M=(4, 2, 0, 6) S=(1, -1, 1, 1) SNR=-3.9612
M=(4, 2, 0, 6) S=(1, -1, 1, -1) SNR=-3.9646
M=(4, 2, 0, 6) S=(1, -1, -1, 1) SNR=-100.0000
M=(4, 2, 0, 6) S=(1, -1, -1, -1) SNR=-100.0000
M=(4, 2, 0, 6) S=(-1, 1, 1, 1) SNR=-4.1807
M=(4, 2, 0, 6) S=(-1, 1, 1, -1) SNR=-4.1538
M=(4, 2, 0, 6) S=(-1, 1, -1, 1) SNR=-100.0000
M=(4, 2, 0, 6) S=(-1, 1, -1, -1) SNR=-100.0000
M=(4, 2, 0, 6) S=(-1, -1, 1, 1) SNR=-4.0880
M=(4, 2, 0, 6) S=(-1, -1, 1, -1) SNR=-4.0697
M=(4, 2, 0, 6) S=(-1, -1, -1, 1) SNR=-100.0000
M=(4, 2, 0, 6) S=(-1, -1, -1, -1) SNR=-100.0000
M=(4, 2, 6, 0) S=(1, 1, 1, 1) SNR=-3.8370
M=(4, 2, 6, 0) S=(1, 1, 1, -1) SNR=-3.8223
M=(4, 2, 6, 0) S=(1, 1, -1, 1) SNR=-3.8471
M=(4, 2, 6, 0) S=(1, 1, -1, -1) SNR=-3.8359
M=(4, 2, 6, 0) S=(1, -1, 1, 1) SNR=-3.7997
M=(4, 2, 6, 0) S=(1, -1, 1, -1) SNR=-3.7961
M=(4, 2, 6, 0) S=(1, -1, -1, 1) SNR=-3.9313
M=(4, 2, 6, 0) S=(1, -1, -1, -1) SNR=-3.9248
M=(4, 2, 6, 0) S=(-1, 1, 1, 1) SNR=-4.0876
M=(4, 2, 6, 0) S=(-1, 1, 1, -1) SNR=-4.0235
M=(4, 2, 6, 0) S=(-1, 1, -1, 1) SNR=-4.1244
M=(4, 2, 6, 0) S=(-1, 1, -1, -1) SNR=-4.0525
M=(4, 2, 6, 0) S=(-1, -1, 1, 1) SNR=-4.0856
M=(4, 2, 6, 0) S=(-1, -1, 1, -1) SNR=-4.0070
M=(4, 2, 6, 0) S=(-1, -1, -1, 1) SNR=-4.1896
M=(4, 2, 6, 0) S=(-1, -1, -1, -1) SNR=-4.1204
M=(4, 6, 0, 2) S=(1, 1, 1, 1) SNR=-3.5921
M=(4, 6, 0, 2) S=(1, 1, 1, -1) SNR=-3.8601
M=(4, 6, 0, 2) S=(1, 1, -1, 1) SNR=-3.9385
M=(4, 6, 0, 2) S=(1, 1, -1, -1) SNR=-4.1185
M=(4, 6, 0, 2) S=(1, -1, 1, 1) SNR=-3.8248
M=(4, 6, 0, 2) S=(1, -1, 1, -1) SNR=-4.0540
M=(4, 6, 0, 2) S=(1, -1, -1, 1) SNR=-4.1288
M=(4, 6, 0, 2) S=(1, -1, -1, -1) SNR=-4.3088
M=(4, 6, 0, 2) S=(-1, 1, 1, 1) SNR=-3.7846
M=(4, 6, 0, 2) S=(-1, 1, 1, -1) SNR=-4.0765
M=(4, 6, 0, 2) S=(-1, 1, -1, 1) SNR=-4.1472
M=(4, 6, 0, 2) S=(-1, 1, -1, -1) SNR=-4.2897
M=(4, 6, 0, 2) S=(-1, -1, 1, 1) SNR=-4.0918
M=(4, 6, 0, 2) S=(-1, -1, 1, -1) SNR=-4.1821
M=(4, 6, 0, 2) S=(-1, -1, -1, 1) SNR=-4.2549
M=(4, 6, 0, 2) S=(-1, -1, -1, -1) SNR=-4.5448
M=(4, 6, 2, 0) S=(1, 1, 1, 1) SNR=-3.7708
M=(4, 6, 2, 0) S=(1, 1, 1, -1) SNR=-3.7564
M=(4, 6, 2, 0) S=(1, 1, -1, 1) SNR=-3.7067
M=(4, 6, 2, 0) S=(1, 1, -1, -1) SNR=-3.6666
M=(4, 6, 2, 0) S=(1, -1, 1, 1) SNR=-3.9256
M=(4, 6, 2, 0) S=(1, -1, 1, -1) SNR=-3.9650
M=(4, 6, 2, 0) S=(1, -1, -1, 1) SNR=-4.0103
M=(4, 6, 2, 0) S=(1, -1, -1, -1) SNR=-3.9962
M=(4, 6, 2, 0) S=(-1, 1, 1, 1) SNR=-4.0170
M=(4, 6, 2, 0) S=(-1, 1, 1, -1) SNR=-3.9812
M=(4, 6, 2, 0) S=(-1, 1, -1, 1) SNR=-3.9762
M=(4, 6, 2, 0) S=(-1, 1, -1, -1) SNR=-3.9220
M=(4, 6, 2, 0) S=(-1, -1, 1, 1) SNR=-4.2273
M=(4, 6, 2, 0) S=(-1, -1, 1, -1) SNR=-4.1462
M=(4, 6, 2, 0) S=(-1, -1, -1, 1) SNR=-4.2619
M=(4, 6, 2, 0) S=(-1, -1, -1, -1) SNR=-4.1750
M=(6, 0, 2, 4) S=(1, 1, 1, 1) SNR=-3.8547
M=(6, 0, 2, 4) S=(1, 1, 1, -1) SNR=-3.9470
M=(6, 0, 2, 4) S=(1, 1, -1, 1) SNR=-3.8821
M=(6, 0, 2, 4) S=(1, 1, -1, -1) SNR=-3.9998
M=(6, 0, 2, 4) S=(1, -1, 1, 1) SNR=-100.0000
M=(6, 0, 2, 4) S=(1, -1, 1, -1) SNR=-100.0000
M=(6, 0, 2, 4) S=(1, -1, -1, 1) SNR=-100.0000
M=(6, 0, 2, 4) S=(1, -1, -1, -1) SNR=-100.0000
M=(6, 0, 2, 4) S=(-1, 1, 1, 1) SNR=-3.7377
M=(6, 0, 2, 4) S=(-1, 1, 1, -1) SNR=-3.8121
M=(6, 0, 2, 4) S=(-1, 1, -1, 1) SNR=-3.7192
M=(6, 0, 2, 4) S=(-1, 1, -1, -1) SNR=-3.8058
M=(6, 0, 2, 4) S=(-1, -1, 1, 1) SNR=-100.0000
M=(6, 0, 2, 4) S=(-1, -1, 1, -1) SNR=-100.0000
M=(6, 0, 2, 4) S=(-1, -1, -1, 1) SNR=-100.0000
M=(6, 0, 2, 4) S=(-1, -1, -1, -1) SNR=-100.0000
M=(6, 0, 4, 2) S=(1, 1, 1, 1) SNR=-3.6906
M=(6, 0, 4, 2) S=(1, 1, 1, -1) SNR=-3.9519
M=(6, 0, 4, 2) S=(1, 1, -1, 1) SNR=-3.8063
M=(6, 0, 4, 2) S=(1, 1, -1, -1) SNR=-4.0857
M=(6, 0, 4, 2) S=(1, -1, 1, 1) SNR=-100.0000
M=(6, 0, 4, 2) S=(1, -1, 1, -1) SNR=-100.0000
M=(6, 0, 4, 2) S=(1, -1, -1, 1) SNR=-100.0000
M=(6, 0, 4, 2) S=(1, -1, -1, -1) SNR=-100.0000
M=(6, 0, 4, 2) S=(-1, 1, 1, 1) SNR=-3.5999
M=(6, 0, 4, 2) S=(-1, 1, 1, -1) SNR=-3.7684
M=(6, 0, 4, 2) S=(-1, 1, -1, 1) SNR=-3.6920
M=(6, 0, 4, 2) S=(-1, 1, -1, -1) SNR=-3.8657
M=(6, 0, 4, 2) S=(-1, -1, 1, 1) SNR=-100.0000
M=(6, 0, 4, 2) S=(-1, -1, 1, -1) SNR=-100.0000
M=(6, 0, 4, 2) S=(-1, -1, -1, 1) SNR=-100.0000
M=(6, 0, 4, 2) S=(-1, -1, -1, -1) SNR=-100.0000
M=(6, 2, 0, 4) S=(1, 1, 1, 1) SNR=-3.9921
M=(6, 2, 0, 4) S=(1, 1, 1, -1) SNR=-4.0829
M=(6, 2, 0, 4) S=(1, 1, -1, 1) SNR=-100.0000
M=(6, 2, 0, 4) S=(1, 1, -1, -1) SNR=-100.0000
M=(6, 2, 0, 4) S=(1, -1, 1, 1) SNR=-4.0590
M=(6, 2, 0, 4) S=(1, -1, 1, -1) SNR=-4.1577
M=(6, 2, 0, 4) S=(1, -1, -1, 1) SNR=-100.0000
M=(6, 2, 0, 4) S=(1, -1, -1, -1) SNR=-100.0000
M=(6, 2, 0, 4) S=(-1, 1, 1, 1) SNR=-3.8951
M=(6, 2, 0, 4) S=(-1, 1, 1, -1) SNR=-3.9644
M=(6, 2, 0, 4) S=(-1, 1, -1, 1) SNR=-100.0000
M=(6, 2, 0, 4) S=(-1, 1, -1, -1) SNR=-100.0000
M=(6, 2, 0, 4) S=(-1, -1, 1, 1) SNR=-3.8881
M=(6, 2, 0, 4) S=(-1, -1, 1, -1) SNR=-3.9606
M=(6, 2, 0, 4) S=(-1, -1, -1, 1) SNR=-100.0000
M=(6, 2, 0, 4) S=(-1, -1, -1, -1) SNR=-100.0000
M=(6, 2, 4, 0) S=(1, 1, 1, 1) SNR=-4.0061
M=(6, 2, 4, 0) S=(1, 1, 1, -1) SNR=-3.7927
M=(6, 2, 4, 0) S=(1, 1, -1, 1) SNR=-4.0721
M=(6, 2, 4, 0) S=(1, 1, -1, -1) SNR=-4.1467
M=(6, 2, 4, 0) S=(1, -1, 1, 1) SNR=-3.8576
M=(6, 2, 4, 0) S=(1, -1, 1, -1) SNR=-3.9711
M=(6, 2, 4, 0) S=(1, -1, -1, 1) SNR=-4.2019
M=(6, 2, 4, 0) S=(1, -1, -1, -1) SNR=-4.0464
M=(6, 2, 4, 0) S=(-1, 1, 1, 1) SNR=-3.8067
M=(6, 2, 4, 0) S=(-1, 1, 1, -1) SNR=-3.7258
M=(6, 2, 4, 0) S=(-1, 1, -1, 1) SNR=-3.9508
M=(6, 2, 4, 0) S=(-1, 1, -1, -1) SNR=-3.9873
M=(6, 2, 4, 0) S=(-1, -1, 1, 1) SNR=-3.7705
M=(6, 2, 4, 0) S=(-1, -1, 1, -1) SNR=-3.7709
M=(6, 2, 4, 0) S=(-1, -1, -1, 1) SNR=-4.0610
M=(6, 2, 4, 0) S=(-1, -1, -1, -1) SNR=-3.9263
M=(6, 4, 0, 2) S=(1, 1, 1, 1) SNR=-100.0000
M=(6, 4, 0, 2) S=(1, 1, 1, -1) SNR=-100.0000
M=(6, 4, 0, 2) S=(1, 1, -1, 1) SNR=-100.0000
M=(6, 4, 0, 2) S=(1, 1, -1, -1) SNR=-100.0000
M=(6, 4, 0, 2) S=(1, -1, 1, 1) SNR=-100.0000
M=(6, 4, 0, 2) S=(1, -1, 1, -1) SNR=-100.0000
M=(6, 4, 0, 2) S=(1, -1, -1, 1) SNR=-100.0000
M=(6, 4, 0, 2) S=(1, -1, -1, -1) SNR=-100.0000
M=(6, 4, 0, 2) S=(-1, 1, 1, 1) SNR=-100.0000
M=(6, 4, 0, 2) S=(-1, 1, 1, -1) SNR=-100.0000
M=(6, 4, 0, 2) S=(-1, 1, -1, 1) SNR=-100.0000
M=(6, 4, 0, 2) S=(-1, 1, -1, -1) SNR=-100.0000
M=(6, 4, 0, 2) S=(-1, -1, 1, 1) SNR=-100.0000
M=(6, 4, 0, 2) S=(-1, -1, 1, -1) SNR=-100.0000
M=(6, 4, 0, 2) S=(-1, -1, -1, 1) SNR=-100.0000
M=(6, 4, 0, 2) S=(-1, -1, -1, -1) SNR=-100.0000
M=(6, 4, 2, 0) S=(1, 1, 1, 1) SNR=-100.0000
M=(6, 4, 2, 0) S=(1, 1, 1, -1) SNR=-100.0000
M=(6, 4, 2, 0) S=(1, 1, -1, 1) SNR=-100.0000
M=(6, 4, 2, 0) S=(1, 1, -1, -1) SNR=-100.0000
M=(6, 4, 2, 0) S=(1, -1, 1, 1) SNR=-100.0000
M=(6, 4, 2, 0) S=(1, -1, 1, -1) SNR=-100.0000
M=(6, 4, 2, 0) S=(1, -1, -1, 1) SNR=-100.0000
M=(6, 4, 2, 0) S=(1, -1, -1, -1) SNR=-100.0000
M=(6, 4, 2, 0) S=(-1, 1, 1, 1) SNR=-100.0000
M=(6, 4, 2, 0) S=(-1, 1, 1, -1) SNR=-100.0000
M=(6, 4, 2, 0) S=(-1, 1, -1, 1) SNR=-100.0000
M=(6, 4, 2, 0) S=(-1, 1, -1, -1) SNR=-100.0000
M=(6, 4, 2, 0) S=(-1, -1, 1, 1) SNR=-100.0000
M=(6, 4, 2, 0) S=(-1, -1, 1, -1) SNR=-100.0000
M=(6, 4, 2, 0) S=(-1, -1, -1, 1) SNR=-100.0000
M=(6, 4, 2, 0) S=(-1, -1, -1, -1) SNR=-100.0000
