32 2 0.6
-0.27720645 0.01590528 0.88269836
-0.27156201 0.00437379 1.54687917
-0.25787142 -0.00511864 1.23496127
-0.23298664 -0.00139383 0.71292067
-0.25249431 -0.00547176 1.10252941
-0.53602654 0.09049284 -2.55073833
-0.52352017 0.04123279 -0.95155966
-0.26686841 -0.00052091 0.69414455
-0.12991115 0.02679478 -0.78057522
-0.12275206 -0.00359787 0.67406899
-0.05214972 0.02707367 -0.66654098
-0.02773400 -0.01401340 1.45517039
-0.09209958 -0.02082083 1.89048386
-0.07785345 0.00883513 0.19673148
-0.17756164 0.01094658 -0.14018871
-0.36360863 0.10205965 -3.83610058
-0.35314727 0.06529114 -2.55934310
-0.10649925 0.00149920 0.61023688
0.14010410 -0.00276294 1.15523744
0.32223165 -0.02911005 2.68269300
0.29785913 -0.03123951 2.81037545
0.07410677 0.01872697 -0.05495794
0.24603318 0.01733674 -0.24824117
0.28876153 -0.01969137 1.84442019
-0.28418285 0.07490513 -2.10580850
0.17189457 -0.01356623 1.57919514
0.16968912 0.01519041 -0.21774192
0.38549075 -0.02730415 2.06517625
0.19543964 -0.00102408 0.56679493
0.13828599 0.00202091 0.34721357
0.31422928 -0.01377406 1.35218966
0.13591027 0.00027755 0.34720379
