32 2 10.0
0.13568984 0.32131422 2.43153071
-0.35718063 -0.02102509 10.10900211
-1.40669239 -0.02742738 18.47063446
-1.33238232 0.27983317 7.06193781
-1.80616009 0.42094624 -3.12005639
0.04314595 0.20514123 5.97992611
0.59117800 0.14726931 8.42700291
-0.85078251 0.23019809 6.99364376
-0.63674206 0.26200059 10.72587967
-2.05875230 0.44535387 -3.35836744
-1.48178256 0.35064664 6.74355125
-1.36830008 0.36181051 3.98145962
-1.21258700 0.34676334 7.34518194
-0.90350246 0.33299303 3.49269390
-1.27682853 0.29673934 8.27976799
-2.11729765 0.47580838 1.17043829
-1.57618260 0.37860093 4.46106100
-0.30861041 0.45903262 4.11814976
-0.87900054 0.21441032 12.86071682
-1.97890627 0.33629835 10.89157486
-1.36466122 0.38485199 4.86556673
-3.10894752 0.43406615 -1.36106765
-5.60730028 0.47100466 -0.66163033
-3.13737607 0.45909998 0.12208208
1.26399350 0.43861499 2.06656837
-0.99393922 0.50060272 2.98599458
-2.67203712 0.45999473 0.59761477
-5.10220480 0.47024694 -0.32894203
-1.45090234 0.44480208 1.09936798
-3.31098890 0.46772632 1.94523871
-2.53465796 0.46500140 -2.89266062
-3.09778023 0.48656449 -0.36031672
