32 2 7.0
0.09161661 0.07595757 1.13818908
-0.16189860 0.06864044 1.38246226
-0.00179921 0.04584352 1.58717752
-0.11489584 0.01778259 1.55837500
0.40182093 0.06157693 1.18696427
0.28221700 0.01024046 3.28996158
-0.21259865 0.05039122 1.78303671
0.05096055 0.03382898 3.32172561
0.00943399 0.04907325 2.71824646
-0.12773933 0.04986870 2.67396164
0.03633933 0.00967946 3.52416921
0.05323612 0.06783432 2.06704402
-0.15173921 0.04458288 2.92701387
-0.21415624 0.06196925 2.09218049
-0.37327731 0.09239106 -0.25652921
-0.32769850 0.09792155 -0.64160204
-0.27092391 0.06369925 2.30085754
-0.18870004 0.05976161 2.41755915
-0.22042030 0.08128837 1.15027428
-0.65568870 0.03710052 2.14351225
-0.23251623 0.05100194 2.43844652
-0.32150966 0.09063350 0.58977252
-1.12501168 0.09264250 -0.32129297
-0.80188048 0.08613565 -0.01494839
-0.62602550 0.09186962 0.17048955
-0.28216231 0.08448663 0.50176144
-0.25318688 0.08847798 0.45784247
-0.48386422 0.09471277 0.25207174
-0.40292093 0.08213335 0.29215205
-0.47173983 0.08937679 0.26724598
-0.40020400 0.08935300 0.21070790
-0.19979604 0.08523455 0.38709515
